1: [25, 27]
2: [4, 5, 7, 19, 25, 27]
3: [25, 27]
4: [4, 25, 27]
5: [4, 7, 19, 25]
6: [4, 7, 19, 25, 27]
7: [4, 25, 27]
8: [5, 19, 25, 27]
9: [4, 5, 7, 25, 27]
10: [4, 5, 14, 19, 25, 27]
11: [4, 5, 25, 27]
12: [4, 24, 25, 27]
13: [4, 5, 7, 25]
14: [25, 27]
15: [5, 25, 27]
16: [4, 7, 19, 25, 27]
17: [4, 5, 7, 25, 27]
18: [4, 22, 25]
19: [4, 25, 27]
20: [5, 19, 24, 25, 27]
21: [4, 7, 25]
22: [4, 5, 25, 27]
23: [4, 5, 7, 19, 25, 27]
24: [4, 5, 7, 25]
25: [5, 25, 27]
26: [5, 25]
27: [4, 5, 19, 25, 27]
28: [4, 5, 19, 25, 27]
29: [25, 27]
30: [4, 5, 25, 27]
31: [5, 25, 27]
32: [5, 25, 27]
33: [4, 19, 25, 27]
34: [19, 25]
35: [4, 5, 19, 25, 27]
36: [4, 5, 7, 25, 27]
37: [5, 19, 25, 27]
38: [19, 25, 27]
39: [5, 25, 27]
40: [4, 25, 27]
41: [25, 27]
42: [4, 7, 25, 27]
43: [4, 5, 19, 25]
44: [4, 5, 25, 27]
45: [4, 5, 19, 25, 27]
46: [5, 19, 25, 27]
47: [4, 5, 7, 14, 19, 25, 27]
48: [4, 25, 27]
49: [5, 7, 22, 25, 27]
50: [7, 25, 27]
51: [4, 5, 7, 25, 27]
52: [4, 5, 25]
53: [4, 7, 19, 25]
54: [4, 5, 7, 19, 25, 27]
55: [4, 14, 25, 27]
56: [4, 7, 19, 25, 26, 27]
57: [5, 25, 27]
58: [19, 25, 27]
59: [4, 19, 21, 25, 27]
60: [7, 25]
61: [5, 19, 25, 27, 28]
62: [4, 5, 19, 25]
63: [4, 25]
64: [4, 5, 19, 25, 27]
65: [4, 25, 27]
66: [4, 5, 19, 25]
67: [25, 27]
68: [4, 19, 25, 27]
69: [4, 7, 19, 25]
70: [7, 25, 27]
71: [4, 25, 27]
72: [19, 25, 27]
73: [4, 14, 19, 25, 27]
74: [4, 5, 25, 27]
75: [7, 25]
76: [5, 7, 19, 25, 27]
77: [4, 7, 19, 25, 27]
78: [4, 19, 25, 27]
79: [4, 19, 25]
80: [4, 22, 25, 27]
81: [5, 25]
82: [4, 5, 25, 27]
83: [19, 22, 25, 27]
84: [4, 19, 25, 27]
85: [4, 5, 7, 25, 27]
86: [4, 5, 19, 25, 27]
87: [4, 5, 14, 19, 25, 27]
88: [4, 7, 19, 25, 27]
89: [4, 5, 7, 25, 27]
90: [4, 5, 7, 19, 25]
91: [4, 5, 7, 25, 27]
92: [4, 7, 25, 27]
93: [4, 5, 19, 25, 27]
94: [4, 19, 25, 27]
95: [4, 5, 25, 27]
96: [14, 25, 27]
97: [4, 7, 19, 22, 25, 27]
98: [4, 5, 7, 25]
99: [4, 19, 25, 27]
100: [4, 25, 27]
