1: [5, 25]
2: [5, 7, 22, 25, 27]
3: [5, 7, 19, 22, 25]
4: [5, 7, 25, 27]
5: [4, 5, 7, 25]
6: [4, 5, 7, 25]
7: [4, 5, 25]
8: [5, 7, 19, 25, 27]
9: [4, 5, 7, 19, 22, 25, 27]
10: [5, 25]
11: [25]
12: [5, 25]
13: [5, 19, 25]
14: [5, 10, 25]
15: [4, 5, 25]
16: [5, 7, 25]
17: [5, 24, 25, 27]
18: [5, 7, 25, 27]
19: [19, 25, 27]
20: [4, 5, 19, 22, 25]
21: [5, 25, 27]
22: [5, 7, 25]
23: [5, 25]
24: [4, 5, 25, 27, 28]
25: [5, 7, 19, 25]
26: [5, 19, 25]
27: [5, 7, 24, 25, 27, 28]
28: [5, 22, 25]
29: [5, 25, 27]
30: [7, 25, 27]
31: [25]
32: [5, 25, 27]
33: [19, 25, 27]
34: [5, 25, 27]
35: [5, 25]
36: [5, 25]
37: [5, 22, 25]
38: [5, 7, 25]
39: [4, 5, 19, 25, 27]
40: [5, 19, 25, 27]
41: [25]
42: [4, 5, 25, 27]
43: [5, 22, 25, 27]
44: [5, 19, 25]
45: [4, 5, 7, 25, 27]
46: [25, 27]
47: [5, 25, 27]
48: [7, 25, 27]
49: [25]
50: [5, 7, 19, 25]
51: [5, 25]
52: [5, 25, 27]
53: [5, 7, 25]
54: [25, 28]
55: [5, 7, 25, 27]
56: [5, 19, 25]
57: [5, 19, 25, 27]
58: [5, 25]
59: [7, 25, 27, 28]
60: [25, 27]
61: [25, 27]
62: [5, 22, 25]
63: [5, 25, 27]
64: [19, 25]
65: [5, 25]
66: [25]
67: [5, 25, 27]
68: [5, 19, 25]
69: [5, 7, 25]
70: [25, 27]
71: [7, 22, 25]
72: [5, 7, 25]
73: [4, 25, 27]
74: [5, 10, 25, 27]
75: [5, 19, 25, 27]
76: [5, 25, 27]
77: [10, 25]
78: [5, 22, 25, 27]
79: [5, 19, 25, 27]
80: [19, 25, 27, 28]
81: [25, 27, 28]
82: [4, 5, 25]
83: [5, 25]
84: [25, 27]
85: [5, 19, 25]
86: [5, 25]
87: [5, 7, 19, 25]
88: [4, 5, 10, 22, 25, 27]
89: [5, 25, 27]
90: [5, 25, 27]
91: [5, 25]
92: [5, 25, 27]
93: [5, 25, 27]
94: [5, 25]
95: [5, 10, 19, 25]
96: [5, 19, 25, 27, 28]
97: [5, 22, 25, 27]
98: [5, 25]
99: [5, 7, 19, 25, 27]
100: [4, 19, 25, 27]
