1: [4, 25, 27]
2: [4, 25]
3: [4, 25, 27]
4: [4, 5, 19, 25, 27]
5: [4, 25]
6: [4, 5, 7, 25, 27]
7: [4, 7, 25]
8: [5, 25, 27]
9: [4, 5, 14, 19, 25, 27]
10: [5, 25, 27]
11: [4, 5, 10, 25, 27]
12: [19, 25]
13: [4, 5, 25, 27]
14: [4, 5, 25, 27]
15: [5, 19, 25, 27]
16: [4, 5, 19, 25, 27]
17: [19, 25]
18: [5, 25, 27]
19: [4, 5, 25, 27]
20: [19, 22, 25, 27]
21: [4, 22, 25]
22: [25]
23: [5, 7, 25, 27]
24: [4, 7, 22, 25, 27]
25: [4, 5, 7, 22, 25, 27]
26: [5, 25]
27: [4, 5, 19, 25, 27]
28: [4, 5, 19, 24, 25, 27]
29: [4, 7, 11, 24, 25, 27]
30: [4, 19, 24, 25, 27]
31: [5, 25]
32: [4, 5, 24, 25, 27]
33: [5, 22, 25]
34: [5, 7, 19, 25, 27]
35: [5, 25, 27, 28]
36: [4, 5, 25, 27]
37: [5, 25]
38: [4, 5, 25, 27]
39: [5, 25]
40: [5, 19, 25]
41: [7, 25]
42: [25, 27, 28]
43: [4, 5, 22, 25, 27]
44: [4, 5, 19, 25, 27]
45: [5, 19, 25, 27]
46: [25]
47: [4, 5, 25, 27]
48: [7, 19, 25]
49: [4, 25, 27]
50: [4, 5, 25]
51: [4, 7, 25, 27]
52: [5, 7, 25, 27]
53: [5, 22, 25, 27]
54: [4, 5, 7, 19, 25, 27]
55: [5, 10, 25]
56: [7, 25, 28]
57: [4, 5, 19, 25]
58: [5, 25, 27]
59: [5, 22, 25, 27]
60: [4, 5, 25, 27]
61: [4, 5, 7, 25, 27]
62: [25, 27]
63: [4, 19, 25]
64: [5, 25, 27]
65: [4, 7, 19, 25, 27]
66: [19, 25, 27]
67: [5, 7, 25, 27]
68: [4, 25]
69: [5, 7, 22, 25]
70: [5, 7, 25, 27]
71: [7, 25]
72: [5, 7, 25]
73: [4, 19, 25]
74: [5, 24, 25]
75: [5, 22, 25]
76: [5, 25, 28]
77: [4, 25, 27]
78: [5, 25, 28]
79: [5, 19, 22, 24, 25]
80: [4, 5, 25, 28]
81: [5, 25]
82: [4, 5, 19, 25, 27]
83: [4, 19, 25]
84: [5, 22, 24, 25]
85: [5, 25, 27]
86: [4, 5, 25, 27]
87: [5, 25, 27, 28]
88: [4, 25, 27]
89: [7, 19, 25]
90: [5, 7, 25]
91: [7, 22, 25, 27]
92: [4, 5, 7, 25, 27]
93: [25, 27]
94: [4, 25, 27]
95: [5, 7, 25, 27]
96: [4, 5, 25]
97: [4, 25, 27]
98: [5, 7, 10, 25, 27]
99: [5, 7, 19, 25]
100: [4, 7, 25, 27]
